%YAML:1.0
# General sensor definitions.
camera_id: left_cam

# Sensor extrinsics wrt. the body-frame.
T_BS:
  cols: 4
  rows: 4
  data: [-0.999054666, -0.035272646, 0.025408970, -0.000007917,
          -0.026488761, 0.030490601, -0.999184001, -0.111374173,
          0.034469129, -0.998912491, -0.031396105, -0.004744210,
          0.000000000, 0.000000000, 0.000000000, 1.000000000]

# Camera specific definitions.
rate_hz: 30
resolution: [640, 480]
camera_model: pinhole
intrinsics: [584.8260598064741, 586.6772618648383, 321.4125527953498, 234.21116686962145] #fu, fv, cu, cv
distortion_model: equidistant
distortion_coefficients: [0.14260455004366532, 1.7063890365147552, -8.217861613389998, 25.887404982633818]
