%YAML:1.0
# General sensor definitions.
camera_id: right_cam


# Sensor extrinsics wrt. the body-frame.
T_BS:
  cols: 4
  rows: 4
  data: [-0.999169310, -0.035349811, 0.020275120, -0.054667264,
          -0.021234727, 0.026985262, -0.999410267, -0.113076067,
          0.034781835, -0.999010604, -0.027713489, -0.002946340,
          0.000000000, 0.000000000, 0.000000000, 1.000000000]

# Camera specific definitions.
rate_hz: 30
resolution: [640, 480]
camera_model: pinhole
intrinsics: [584.8260598064741, 586.6772618648383, 321.4125527953498, 234.21116686962145] #fu, fv, cu, cv
distortion_model: equidistant
distortion_coefficients: [0.11118048370942461, 2.764745595741462, -17.032218470200352, 44.87788736647964]

